#
#Thu Aug 13 14:59:44 JST 2020
top.satMin=190.38851351351354
top.valMax=255
top.hueBegin=11.554054054054053
top.satMax=255.0
top.hueEnd=15.378378378378294
top.valMin=74.08783783783784
parse.satMin=213.64864864864867
parse.hueBegin=14.162162162162161
parse.valMax=255.0
parse.satMax=255.0
parse.hueEnd=14.770270270270188
parse.valMin=55.135135135135144
