#
#Thu Aug 13 14:59:44 JST 2020
top.satMin=190.38851351351354
top.valMax=116.30067567567566
top.hueBegin=13.986486486486484
top.satMax=255.0
top.hueEnd=14.594594594594511
top.valMin=62.02702702702703
parse.satMin=213.64864864864867
parse.hueBegin=14.162162162162161
parse.valMax=255.0
parse.satMax=255.0
parse.hueEnd=14.770270270270188
parse.valMin=55.135135135135144
