#
#Mon Aug 17 23:49:33 JST 2020
satMin=43.935810810810864
hueBegin=13.378378378378372
valMax=255.0
satMax=255.0
hueEnd=155.06756756756758
valMin=24.12162162162164
