#
#Thu Aug 13 14:41:03 JST 2020
satMin=231.73986486486487
valMax=161.097972972973
hueBegin=7.297297297297297
satMax=255.0
hueEnd=7.297297297297297
valMin=144.7297297297297
