#
#Wed Sep 23 23:52:48 JST 2020
satMin=41.35135135135135
hueBegin=15.810810810810803
valMax=255.0
satMax=101.65540540540542
hueEnd=27.972972972973018
valMin=11.199324324324326
