#
#Sun Sep 13 01:09:30 JST 2020
satMin=101.65540540540543
hueBegin=17.027027027027017
valMax=255.0
satMax=255.0
hueEnd=29.79729729729724
valMin=0.0
