#
#Sun Sep 13 01:06:09 JST 2020
satMin=174.0202702702703
hueBegin=112.5
valMax=255.0
satMax=255.0
hueEnd=134.3918918918918
valMin=5.168918918918919
