#
#Sun Sep 13 01:04:31 JST 2020
satMin=121.46959459459458
hueBegin=142.90540540540536
valMax=170.57432432432432
satMax=255.0
hueEnd=180.0
valMin=4.307432432432434
