#
#Thu Oct 22 23:08:01 JST 2020
satMin=213.64864864864867
hueBegin=11.554054054054053
valMax=255.0
satMax=255.0
hueEnd=15.378378378378294
valMin=74.08783783783784
