#
#Sun Sep 13 00:59:26 JST 2020
satMin=213.64864864864867
hueBegin=14.162162162162161
valMax=255.0
satMax=255.0
hueEnd=14.770270270270188
valMin=55.135135135135144
