#
#Mon Oct 19 00:09:13 JST 2020
satMin=213.64864864864867
valMax=255.0
hueBegin=57.594594594594604
satMax=255.0
hueEnd=60.63513513513506
valMin=55.135135135135144
