#
#Mon Oct 19 00:13:25 JST 2020
satMin=61.16554054054049
valMax=105.10135135135134
hueBegin=0.0
satMax=255.0
hueEnd=4.864864864864858
valMin=65.47297297297298
