#
#Fri Oct 23 00:48:48 JST 2020
satMin=86.45051194539248
hueBegin=26.006825938566557
valMax=234.40273037542661
satMax=255.0
hueEnd=34.92228576699561
valMin=54.539249146757676
