#
#Mon Oct 19 00:09:13 JST 2020
top.satMin=213.64864864864867
top.valMax=255.0
top.hueBegin=57.594594594594604
top.satMax=255.0
top.hueEnd=60.63513513513506
top.valMin=55.135135135135144
parse.satMin=213.64864864864867
parse.valMax=255.0
parse.hueBegin=57.594594594594604
parse.satMax=255.0
parse.hueEnd=60.63513513513506
parse.valMin=55.135135135135144
