#
#Thu Aug 13 15:02:49 JST 2020
top.satMin=101.65540540540543
top.valMax=255.0
top.hueBegin=17.027027027027017
top.satMax=255.0
top.hueEnd=29.79729729729724
top.valMin=0.0

parse.satMin=101.65540540540543
parse.hueBegin=24.324
parse.valMax=255.0
parse.satMax=255.0
parse.hueEnd=29.79729729729724
parse.valMin=0.0
